ELEMENTS,51,HelveticaCentury,b,38,46,357,94,214,0,0,0; 
OF,51,HelveticaCentury,b,381,45,460,93,214,1,0,0; 
SMARTPHONE,51,HelveticaCentury,b,545,45,984,94,182,3,0,0; 
ELEMENTS,9,Helvetica,r,31,121,81,129,192,4,1,1; 
COLOUR,9,Helvetica,r,85,121,126,129,206,5,1,1; 
KEY,9,Helvetica,r,129,121,149,129,173,6,1,1; 
ME1AL,9,Helvetica,r,210,121,240,129,31,9,1,1; 
ARTtI,9,Times,b,314,121,344,129,29,12,1,1; 
MLIAL,9,Helvetica,r,348,121,378,129,29,13,1,1; 
METAL,9,Helvetica,r,465,121,495,129,72,15,2,2; 
G4IOtJP,9,Helvetica,r,525,121,559,129,34,17,2,2; 
GROUP,9,Helvetica,r,690,121,724,129,195,21,4,4; 
HALOGEN,9,Helvetica,r,852,121,898,129,91,27,4,4; 
LNHIANUJE,9,Helvetica,r,928,120,988,129,32,29,4,4; 
the,9,Helvetica,r,253,607,269,615,193,30,5,5; 
of,9,Helvetica,b,313,607,323,615,201,32,5,5; 
phones,9,Helvetica,b,325,608,360,617,71,33,5,5; 
usa,9,Helvetica,b,363,610,379,615,33,34,5,5; 
lithium,9,Helvetica,b,382,607,415,615,33,35,5,5; 
batter,9,Times,b,435,608,464,615,128,37,5,5; 
as,9,Helvetica,b,467,610,478,615,69,38,5,5; 
whch,9,Times,b,251,620,279,628,31,39,5,6; 
are,9,Helvetica,r,282,622,297,628,206,40,5,6; 
cotnpoied,9,Helvetica,r,300,620,350,629,37,41,5,6; 
of,9,Helvetica,r,353,619,363,628,169,42,5,6; 
IIibum,9,Times,r,365,619,398,628,28,43,5,6; 
cobalt,9,Helvetica,b,401,619,430,628,68,44,5,6; 
os4de,9,Helvetica,b,433,620,459,628,37,45,5,6; 
as,9,Helvetica,i,461,622,472,628,142,46,5,6; 
pounve,9,Helvetica,r,251,633,288,643,41,48,5,7; 
electrode,9,Helvetica,r,292,632,337,640,42,49,5,7; 
and,9,Helvetica,r,341,632,359,640,158,50,5,7; 
1raphlte,9,Helvetica,r,363,632,403,643,30,51,5,7; 
Icarbon,9,Helvetica,r,407,632,447,641,32,52,5,7; 
as,9,Helvetica,r,450,634,461,640,151,53,5,7; 
the,9,Helvetica,b,465,631,479,641,142,54,5,7; 
flegmive,9,Helvetica,r,251,646,291,655,37,55,5,8; 
elecvode,9,Helvetica,r,298,645,342,653,27,56,5,8; 
Some,9,Helvetica,r,351,645,378,653,193,57,5,8; 
batteries,9,Helvetica,b,384,645,426,653,64,58,5,8; 
use,9,Helvetica,b,432,647,448,653,71,59,5,8; 
other,9,Helvetica,r,454,646,479,653,148,60,5,8; 
metals,9,Helvetica,r,252,657,287,666,32,61,5,9; 
such,9,Helvetica,r,290,656,312,665,27,62,5,9; 
hi,9,Helvetica,r,393,657,401,665,57,64,5,9; 
place,9,Helvetica,b,406,657,431,667,49,65,5,9; 
of,9,Helvetica,b,435,657,444,665,57,66,5,9; 
cobalt,9,Helvetica,r,448,656,479,665,134,67,5,9; 
The,9,Helvetica,r,251,669,269,677,196,68,5,10; 
batterys,9,Times,r,272,669,312,680,73,69,5,10; 
casing,9,Times,r,316,671,345,680,36,70,5,10; 
ls,9,Times,r,349,670,356,677,36,71,5,10; 
made,9,Helvetica,r,359,670,386,677,50,72,5,10; 
of,9,Helvetica,r,389,669,399,677,198,73,5,10; 
alurnorwum,9,Helvetica,r,402,670,455,677,28,74,5,10; 
Copper,9,Times,r,646,189,680,199,143,75,6,11; 
usd,9,Helvetica,b,704,190,726,197,85,76,6,11; 
for,9,Helvetica,i,735,189,747,197,46,77,6,11; 
wlrrng,8,Helvetica,r,755,191,784,200,30,78,6,11; 
itt,8,Helvetica,r,792,191,800,198,40,79,6,11; 
the,9,Helvetica,r,808,190,823,197,70,80,6,11; 
copper,9,Helvetica,r,714,203,749,212,37,83,6,12; 
gold,9,Helvetica,r,753,202,774,212,94,84,6,12; 
and,9,Times,r,777,202,795,209,128,85,6,12; 
sdver,9,Times,r,799,202,823,210,45,86,6,12; 
art,9,Times,r,647,216,661,222,24,87,6,13; 
th,9,Times,b,668,214,678,222,45,88,6,13; 
malof,9,Times,r,692,215,719,224,41,89,6,13; 
from,9,Times,r,765,214,788,222,124,91,6,13; 
wtudt,9,Times,r,795,214,823,222,35,92,6,13; 
roecencal,9,Helvetica,b,664,226,716,235,28,93,6,14; 
are,9,Helvetica,b,808,228,823,234,84,95,6,14; 
iasti4and,9,Helvetica,r,647,239,695,247,33,96,6,15; 
Tantalum,9,Helvetica,r,704,239,749,247,75,97,6,15; 
Is,9,Helvetica,r,757,239,765,247,45,98,6,15; 
the,9,Helvetica,r,772,239,787,247,206,99,6,15; 
major,8,Times,r,796,241,823,249,168,100,6,15; 
component,9,Helvetica,b,647,253,701,261,103,101,6,16; 
rflcropIcjtor5,9,Helvetica,r,717,251,797,261,23,103,6,16; 
in,9,Helvetica,b,709,292,717,298,88,105,6,17; 
the,9,Helvetica,b,720,290,735,298,205,106,6,17; 
as,9,Times,b,795,292,804,298,151,108,6,17; 
wtt,8,Helvetica,b,808,291,825,298,43,109,6,17; 
er,8,Helvetica,r,644,303,653,309,47,110,6,18; 
for,9,Helvetica,r,657,301,668,309,39,111,6,18; 
odier,8,Helvetica,r,672,301,695,309,42,112,6,18; 
dear,9,Helvetica,r,699,301,722,309,65,113,6,18; 
Ical,9,Helvetica,r,724,301,738,309,41,114,6,18; 
coretections,9,Helvetica,r,741,302,796,309,41,115,6,18; 
Aloys,9,Helvetica,r,800,301,825,312,52,116,6,18; 
the,9,Helvetica,r,690,313,704,320,185,118,6,19; 
eemenb,9,Helvetica,r,710,314,750,321,40,119,6,19; 
psaodymLun,9,Helvetica,r,757,313,824,323,36,120,6,19; 
pdoftmun,9,Helvetica,r,643,324,692,334,27,121,6,20; 
and,9,Helvetica,r,700,325,717,332,42,122,6,20; 
neodynsum,9,Helvetica,r,723,324,776,335,60,123,6,20; 
en,9,Helvetica,r,783,326,797,332,43,124,6,20; 
used,9,Helvetica,r,804,325,825,332,91,125,6,20; 
fl,6,Helvetica,b,646,337,651,343,120,126,6,21; 
the,9,Helvetica,r,659,336,674,343,52,127,6,21; 
in,9,Helvetica,b,728,336,735,343,194,129,6,21; 
the,9,Helvetica,b,744,335,758,343,144,130,6,21; 
speaker,9,Helvetica,b,766,336,800,346,88,131,6,21; 
nd,9,Helvetica,b,809,336,825,343,40,132,6,21; 
reluophone,9,Helvetica,r,644,347,698,356,24,133,6,22; 
tethium,9,Helvetica,r,768,347,803,354,35,135,6,22; 
nd,9,Helvetica,r,809,347,825,354,31,136,6,22; 
dysprosaim,9,Helvetica,r,644,358,695,368,39,137,6,23; 
are,9,Helvetica,b,697,360,712,366,196,138,6,23; 
used,9,Helvetica,r,714,358,735,366,110,139,6,23; 
In,9,Helvetica,b,738,359,745,367,45,140,6,23; 
the,9,Helvetica,b,748,359,762,366,209,141,6,23; 
wsd,9,Helvetica,r,806,360,822,366,42,143,6,23; 
silicon,9,Helvetica,r,672,399,701,407,82,145,6,24; 
used,9,Helvetica,r,719,399,741,406,143,147,6,24; 
to,9,Times,b,747,400,756,407,202,148,6,24; 
manufacture,9,Helvetica,r,762,398,823,407,39,149,6,24; 
lie,9,Helvetica,b,647,411,659,419,69,150,6,25; 
chIp,9,Times,r,664,411,684,420,67,151,6,25; 
In,9,Times,i,689,411,697,418,32,152,6,25; 
the,9,Helvetica,b,702,411,718,418,73,153,6,25; 
phone,9,Helvetica,r,722,410,755,420,134,154,6,25; 
It,9,Helvetica,b,761,411,767,419,151,155,6,25; 
Is,9,Helvetica,b,772,411,779,419,197,156,6,25; 
oldised,9,Helvetica,r,784,411,823,419,31,157,6,25; 
to,9,Times,b,643,424,653,431,210,158,6,26; 
produce,9,Helvetica,b,659,423,699,433,126,159,6,26; 
nonconducting,9,Times,r,705,424,780,433,57,160,6,26; 
regions,9,Times,r,786,424,821,434,85,161,6,26; 
the,9,Helvetica,b,644,434,665,443,25,162,6,27; 
other,9,Helvetica,i,672,435,697,443,103,163,6,27; 
elements,9,Helvetica,b,705,434,749,444,86,164,6,27; 
are,9,Helvetica,b,756,438,771,443,75,165,6,27; 
addd,9,Helvetica,b,778,435,808,443,98,166,6,27; 
order,8,Times,r,644,448,670,456,155,168,6,28; 
tO,8,Times,r,676,448,686,456,66,169,6,28; 
allow,9,Helvetica,b,691,447,716,455,86,170,6,28; 
the,9,Helvetica,b,722,447,738,455,168,171,6,28; 
to,9,Times,r,769,448,779,455,86,173,6,28; 
conduct,8,Times,r,785,448,823,455,146,174,6,28; 
eIctrlcity,8,Times,r,644,460,689,470,21,175,6,29; 
Tin,9,Helvetica,b,643,493,657,501,146,176,6,30; 
cad,9,Helvetica,b,688,495,705,501,33,178,6,30; 
are,9,Helvetica,i,716,495,731,501,56,179,6,30; 
used,9,Helvetica,i,741,495,764,502,61,180,6,30; 
to,9,Helvetica,i,774,495,783,502,73,181,6,30; 
sober,9,Helvetica,r,793,494,823,501,28,182,6,30; 
tronics,9,Helvetica,r,663,506,695,514,40,183,6,31; 
in,9,Helvetica,r,699,507,707,514,88,184,6,31; 
the,9,Helvetica,r,710,505,726,514,168,185,6,31; 
phone,9,Helvetica,r,729,506,760,516,204,186,6,31; 
Newer,9,Helvetica,r,766,506,797,514,138,187,6,31; 
lead,9,Helvetica,r,800,505,823,514,192,188,6,31; 
free,9,Helvetica,r,644,518,663,526,178,189,6,32; 
solders,9,Helvetica,r,667,518,701,526,104,190,6,32; 
use,9,Helvetica,r,706,520,722,526,82,191,6,32; 
mrs,9,Helvetica,r,736,520,753,526,31,193,6,32; 
of,9,Helvetica,r,757,518,767,526,207,194,6,32; 
tin,9,Helvetica,r,771,520,785,527,65,195,6,32; 
copper,9,Helvetica,b,790,520,823,527,205,196,6,32; 
and,9,Helvetica,r,644,530,661,539,192,197,6,33; 
silver,9,Helvetica,r,665,531,689,539,139,198,6,33; 
compounds,9,Helvetica,r,608,607,664,616,130,200,6,34; 
are,9,Helvetica,r,670,608,684,614,67,201,6,34; 
atloyed,9,Helvetica,r,690,607,724,616,26,202,6,34; 
tO,9,Helvetica,r,729,608,739,614,194,203,6,34; 
maie,9,Helvetica,r,745,608,770,614,33,204,6,34; 
sonw,9,Times,i,546,621,573,627,42,205,6,35; 
phone,9,Times,r,579,618,610,629,194,206,6,35; 
cs,9,Times,r,617,621,645,627,74,207,6,35; 
wUlsi,9,Times,r,653,618,679,627,30,208,6,35; 
many,9,Times,i,688,621,714,629,185,209,6,35; 
are,9,Times,r,721,621,736,627,165,210,6,35; 
made,9,Times,r,744,619,771,627,183,211,6,35; 
of,9,Times,r,546,631,557,639,86,212,6,36; 
plastIcs,9,Times,r,563,631,600,640,37,213,6,36; 
Plesbcs,9,Helvetica,r,609,631,644,639,27,214,6,36; 
also,9,Times,b,675,631,694,639,42,216,6,36; 
Include,9,Helvetica,r,702,631,735,639,79,217,6,36; 
11am,9,Helvetica,r,744,631,770,639,47,218,6,36; 
ritardali,9,Times,r,546,644,591,651,26,219,6,37; 
compounds,9,Times,r,596,643,655,653,130,220,6,37; 
some,9,Helvetica,r,659,646,685,651,135,221,6,37; 
of,9,Helvetica,r,690,643,700,651,152,222,6,37; 
viIct,9,Times,i,703,644,731,651,29,223,6,37; 
contaIn,9,Times,b,736,645,770,651,40,224,6,37; 
bromine,9,Helvetica,b,546,655,589,664,68,225,6,38; 
hJst,9,Helvetica,b,598,656,625,664,38,226,6,38; 
car,9,Helvetica,b,668,658,685,664,33,228,6,38; 
be,9,Helvetica,b,693,655,704,664,137,229,6,38; 
indudeci,9,Helvetica,r,712,655,752,664,33,230,6,38; 
to,9,Helvetica,r,761,657,771,663,71,231,6,38; 
educe,9,Helvetica,b,551,668,579,676,188,232,6,39; 
IcsromagnUc,9,Helvetica,b,582,668,659,679,34,233,6,39; 
Interference,9,Helvetica,r,663,668,721,676,31,234,6,39; 
SCREEN,24,HelveticaCentury,b,33,143,145,166,210,235,7,40; 
ELECTRONICS,24,HelveticaCentury,b,788,143,988,166,156,238,8,41; 
Irtolum,9,Helvetica,r,206,189,239,197,35,240,10,43; 
tin,9,Helvetica,r,246,191,258,197,149,241,10,43; 
aside,9,Helvetica,b,265,188,290,198,41,242,10,43; 
is,8,Helvetica,r,297,191,303,197,43,243,10,43; 
mntxwre,9,Helvetica,r,323,191,359,198,27,245,10,43; 
WrJiurn,9,Helvetica,r,206,202,239,210,33,247,10,44; 
end,9,Helvetica,r,277,201,294,210,86,249,10,44; 
fin,10,Times,bi,300,202,312,210,166,250,10,44; 
oxide,9,Helvetica,r,318,201,346,210,36,251,10,44; 
used,9,Helvetica,r,353,201,375,210,201,252,10,44; 
In,9,Helvetica,r,206,214,214,223,101,253,10,45; 
transparent,9,Times,b,228,216,285,224,64,255,10,45; 
film,9,Times,b,289,214,307,222,154,256,10,45; 
in,9,Times,b,312,214,320,222,135,257,10,45; 
th,9,Helvetica,r,324,214,340,222,86,258,10,45; 
screen,9,Helvetica,r,344,216,375,222,178,259,10,45; 
that,9,Helvetica,r,206,227,224,235,182,260,10,46; 
conducts,9,Helvetica,r,227,226,270,235,130,261,10,46; 
electricIty,9,Helvetica,r,273,226,321,237,32,262,10,46; 
ThI,9,Helvetica,r,325,226,343,235,36,263,10,46; 
albert,9,Helvetica,r,346,226,375,235,30,264,10,46; 
the,9,Helvetica,r,206,240,220,247,160,265,10,47; 
screen,9,Times,b,226,241,257,247,71,266,10,47; 
to,9,Helvetica,r,263,240,273,247,194,267,10,47; 
function,9,Helvetica,r,278,239,317,247,151,268,10,47; 
es,9,Helvetica,r,322,241,333,247,49,269,10,47; 
touch,9,Helvetica,r,349,239,375,247,199,271,10,47; 
The,9,Helvetica,r,205,294,223,302,199,272,10,48; 
glass,9,Times,r,228,295,251,304,79,273,10,48; 
used,9,Helvetica,r,257,294,279,301,113,274,10,48; 
on,9,Helvetica,r,284,296,296,301,152,275,10,48; 
me,9,Times,r,302,295,317,301,193,276,10,48; 
majority,9,Times,r,322,295,361,304,132,277,10,48; 
of,9,Helvetica,r,367,293,376,301,209,278,10,48; 
smirtphcnqs,9,Times,i,206,306,269,316,33,279,10,49; 
en,9,Helvetica,b,287,308,298,314,143,281,10,49; 
alumrrivelilcat,9,Times,r,304,306,375,314,23,282,10,49; 
glass,9,Helvetica,r,206,318,231,329,64,283,10,50; 
composed,9,Helvetica,r,234,319,283,328,148,284,10,50; 
ate,9,Times,b,286,318,302,326,51,285,10,50; 
mis,9,Times,b,305,320,321,326,38,286,10,50; 
of,9,Helvetica,r,326,318,335,326,210,287,10,50; 
alumina,9,Helvetica,r,337,319,375,326,128,288,10,50; 
1A110l,9,Helvetica,b,205,331,235,343,26,289,10,51; 
and,9,Helvetica,b,241,331,259,339,185,290,10,51; 
ThIs,9,Helvetica,b,327,331,347,339,38,293,10,51; 
glass,9,Helvetica,r,352,331,375,341,72,294,10,51; 
the,9,Times,r,205,343,224,351,48,295,10,52; 
contarns,9,Times,r,227,344,267,351,60,296,10,52; 
potassium,9,Times,b,271,344,320,353,44,297,10,52; 
which,9,Times,b,348,343,375,351,150,299,10,52; 
help,9,Times,r,206,355,226,365,94,300,10,53; 
to,9,Times,r,229,357,239,363,204,301,10,53; 
IL,9,Times,b,297,356,303,364,28,303,10,53; 
veriety,9,Times,b,219,401,251,410,40,305,10,54; 
ci,9,Times,b,258,399,269,408,22,306,10,54; 
Rare,9,Helvetica,r,275,399,296,408,175,307,10,54; 
Earth,8,Helvetica,b,304,400,329,408,197,308,10,54; 
Element,8,Helvetica,b,337,400,375,408,75,309,10,54; 
compounds,9,Helvetica,b,205,412,263,423,33,310,10,55; 
ire,9,Helvetica,b,273,414,287,421,35,311,10,55; 
uted,9,Helvetica,b,299,412,321,420,48,312,10,55; 
small,9,Times,r,351,412,375,420,40,314,10,55; 
quantities,9,Helvetica,r,206,425,253,433,43,315,10,56; 
to,9,Times,r,259,426,268,432,204,316,10,56; 
produce,9,Helvetica,r,274,424,314,434,131,317,10,56; 
itt,9,Helvetica,r,320,424,335,432,43,318,10,56; 
colours,9,Helvetica,r,341,424,375,432,141,319,10,56; 
in,8,Times,b,206,440,214,445,83,320,10,57; 
he,8,Times,b,223,438,234,445,191,321,10,57; 
smariphories,9,Helvetica,r,240,436,305,447,36,322,10,57; 
screen,9,Helvetica,r,310,440,341,445,86,323,10,57; 
Some,8,Times,b,350,437,375,445,179,324,10,57; 
compounds,9,Helvetica,r,206,449,263,459,134,325,10,58; 
are,9,Helvetica,r,265,452,280,457,37,326,10,58; 
else,9,Helvetica,r,284,450,302,457,148,327,10,58; 
used,9,Helvetica,r,305,449,328,458,142,328,10,58; 
to,9,Helvetica,i,331,450,340,457,177,329,10,58; 
reduce,9,Helvetica,b,343,449,375,458,180,330,10,58; 
UV,9,Helvetica,b,206,462,219,470,72,331,10,59; 
Iignt,9,Times,r,222,461,242,472,43,332,10,59; 
penetration,9,Helvetica,b,244,462,301,471,127,333,10,59; 
into,9,Times,r,304,463,322,470,155,334,10,59; 
the,9,Times,r,324,462,340,470,201,335,10,59; 
phone,9,Times,r,342,462,375,471,187,336,10,59; 
BATTERY,24,HelveticaCentury,b,34,561,163,583,211,337,11,60; 
CASING,24,HelveticaCentury,b,874,563,986,585,210,341,13,63; 
