ELEMENTS,64,HelveticaCentury,b,48,90,447,149,216,0,0,0; 
OF,64,HelveticaCentury,b,477,89,575,149,215,1,0,0; 
SMARTPHONE,64,HelveticaCentury,b,682,89,1231,149,194,3,0,0; 
ELLUEP4TS,11,Times,r,39,183,102,194,38,4,1,1; 
COLOUR,11,Times,r,106,183,158,194,199,5,1,1; 
KEY,11,Times,r,161,184,183,194,139,6,1,1; 
SCREEN,31,HelveticaCentury,b,41,212,181,240,211,7,2,2; 
ULTA1,11,Times,r,263,183,298,193,36,11,3,3; 
4ULJNL,11,Times,r,334,183,387,194,29,13,3,3; 
OEIk,8,Helvetica,r,331,269,363,279,28,17,4,4; 
IS,8,Helvetica,r,372,271,381,279,60,18,4,4; 
TIZITUrt,8,Helvetica,r,404,271,450,279,28,20,4,4; 
arid,11,Times,r,346,284,368,295,48,24,4,5; 
un,12,Times,r,376,287,391,295,62,25,4,5; 
uad,12,Times,r,441,284,470,295,31,26,4,5; 
ei,12,Helvetica,b,406,300,425,310,27,30,4,6; 
flri,11,Times,r,407,315,430,326,31,31,4,7; 
ELECTRONICS,31,HelveticaCentury,b,985,211,1236,240,202,59,6,11; 
Coppai,12,Helvetica,b,808,268,850,280,39,60,6,12; 
phone,11,Times,r,808,284,846,296,130,65,6,13; 
wpp,10,Times,r,893,287,937,296,25,67,6,13; 
guic,10,Times,r,941,284,967,297,41,68,6,13; 
eruj,11,Times,r,972,287,994,295,37,69,6,13; 
Ii,9,Helvetica,r,966,332,985,341,32,81,6,16; 
earrpofellI,10,Times,r,808,347,877,359,28,83,6,17; 
The,11,Times,r,257,400,279,410,69,86,7,18; 
the,11,Times,r,377,400,395,409,189,89,7,18; 
an,11,Times,r,359,417,374,425,163,92,7,19; 
OI4IUtTIflI,10,Times,r,408,431,471,440,35,97,7,20; 
Se,9,Times,b,367,446,399,458,31,100,7,21; 
Th14,10,Helvetica,b,409,446,433,455,24,101,7,21; 
aso,11,Times,r,257,462,281,471,30,103,7,22; 
to,11,Times,r,287,479,299,487,180,109,7,23; 
of,11,Times,r,323,531,335,543,192,113,7,24; 
Rare,8,Helvetica,r,344,532,370,542,39,114,7,24; 
fart,11,Times,r,381,532,411,543,43,115,7,24; 
cwnpgisdi,10,Times,r,257,548,327,559,37,117,7,25; 
aiq,10,Times,r,341,550,359,559,36,118,7,25; 
usd,11,Times,r,373,548,402,557,42,119,7,25; 
WI,8,Helvetica,r,415,550,425,559,31,120,7,25; 
th,11,Helvetica,i,400,563,411,572,41,123,7,26; 
En,8,Helvetica,r,257,581,268,588,53,125,7,27; 
SI1TTW,7,Helvetica,b,436,578,470,588,28,129,7,27; 
hi,8,Helvetica,r,414,595,425,604,121,134,7,28; 
uv,12,Helvetica,b,257,609,274,619,43,135,7,29; 
art,12,Helvetica,b,277,609,303,623,186,136,7,29; 
BATTERY,31,HelveticaCentury,b,43,734,205,762,211,140,8,30; 
WhOl,10,Helvetica,b,805,395,838,405,39,141,9,31; 
rn,8,Helvetica,r,887,398,895,404,48,144,9,31; 
Iha,11,Times,r,901,395,918,404,36,145,9,31; 
ai,11,Times,r,808,411,817,419,36,148,9,32; 
al,11,Times,r,914,409,923,419,42,153,9,32; 
nd,11,Helvetica,i,875,438,895,447,33,159,9,34; 
It,10,Helvetica,b,979,440,997,447,46,161,9,34; 
Ui,11,Times,r,825,452,842,463,23,164,9,35; 
wv,11,Times,r,959,454,996,463,28,168,9,35; 
eE,8,Helvetica,r,1008,480,1031,489,26,175,9,37; 
lb,8,Helvetica,r,883,532,891,539,169,178,9,38; 
lid,9,Times,b,903,530,927,540,30,179,9,38; 
Ui,7,Helvetica,b,934,532,945,540,26,180,9,38; 
pior,10,Times,r,903,548,941,557,27,186,9,39; 
ii,8,Helvetica,r,965,547,974,556,29,188,9,39; 
to,11,Times,r,805,563,816,570,116,189,9,40; 
ptodew3,11,Times,r,824,560,874,574,30,190,9,40; 
Wi,7,Helvetica,b,1019,579,1030,586,23,197,9,41; 
clip,10,Times,r,930,592,955,605,58,201,9,42; 
Thi,11,Times,r,805,649,823,659,40,204,9,43; 
phon,10,Times,r,912,665,950,677,32,213,9,44; 
VTSe,11,Helvetica,b,920,682,942,690,31,219,9,45; 
CASING,31,HelveticaCentury,b,1093,736,1233,764,206,224,10,48; 
Lon,10,Times,r,523,793,542,801,33,230,11,49; 
ib4j,11,Times,r,419,807,438,817,33,235,11,50; 
ii,10,Helvetica,b,578,809,591,817,27,239,11,50; 
ii,10,Times,r,492,855,503,863,30,252,11,53; 
plac,10,Times,r,507,855,538,865,32,253,11,53; 
of,12,Times,r,543,853,555,863,195,254,11,53; 
lb,11,Times,r,315,869,336,879,34,256,11,54; 
mao,11,Times,r,449,871,483,879,99,259,11,54; 
of,11,Times,r,487,869,498,879,63,260,11,54; 
ft,8,Helvetica,r,912,792,924,799,185,265,12,55; 
pcwte,11,Times,r,725,808,763,818,35,268,12,56; 
nivy,10,Helvetica,i,860,808,893,819,30,270,12,56; 
of,12,Times,r,683,821,695,831,91,273,12,57; 
plucs,12,Times,r,704,822,749,833,30,274,12,57; 
Psaan,12,Times,r,762,821,805,831,42,275,12,57; 
wifl,12,Times,r,815,822,834,831,36,276,12,57; 
alw,10,Helvetica,b,844,822,868,831,28,277,12,57; 
mciuoa,12,Times,r,878,823,919,831,37,278,12,57; 
ane,12,Times,r,938,823,963,831,29,279,12,57; 
tjrosrw,10,Helvetica,b,684,839,739,847,38,280,12,58; 
bclflTwna,7,Helvetica,b,683,851,733,863,32,286,12,59; 
ricke,11,Times,r,792,852,826,862,27,288,12,59; 
ran,11,Times,r,836,855,855,862,96,289,12,59; 
bt,10,Times,r,866,854,880,862,43,290,12,59; 
ncludd,12,Times,r,891,852,941,863,30,291,12,59; 
dba,8,Helvetica,r,696,868,724,877,32,293,12,60; 
