ENDESC,10,Helvetica,b,54,20,111,32,44,0,0,0; 
IGNEOUf,15,Helvetica,b,284,43,381,61,31,1,1,1; 
CHART,15,Helvetica,b,667,43,738,57,210,3,2,2; 
Press,13,Times,r,414,63,447,74,206,4,2,3; 
Esc,13,Times,r,455,54,482,84,33,5,2,3; 
to,14,Helvetica,b,495,64,509,74,199,7,2,3; 
exit,13,Times,r,513,63,537,74,162,8,2,3; 
full,13,Times,r,540,63,561,74,193,9,2,3; 
screen,13,Times,r,565,65,607,74,199,10,2,3; 
Press,15,Helvetica,r,513,142,557,155,206,16,3,6; 
Esc,15,Helvetica,r,562,142,599,159,45,17,3,6; 
Key,15,Helvetica,b,605,142,634,159,195,18,3,6; 
to,15,Helvetica,b,639,143,655,155,211,19,3,6; 
exit,16,Times,r,660,141,690,155,207,20,3,6; 
the,15,Helvetica,b,512,166,540,180,209,22,3,7; 
presentation,15,Helvetica,b,545,166,650,184,202,23,3,7; 
uci,10,Helvetica,r,294,686,315,694,31,34,6,17; 
Ji,6,Times,b,185,727,199,732,28,37,6,18; 
