ENDESC,10,Times,r,54,20,111,32,33,1,0,0; 
IGNEOUI,15,Helvetica,b,284,43,381,61,24,3,2,2; 
Press,12,Times,r,414,63,447,74,206,4,3,3; 
lEsci,16,TimesCentury,r,455,53,488,84,39,5,3,3; 
to,13,Helvetica,b,495,64,509,74,207,6,3,3; 
exitfull,12,Times,r,513,63,560,74,49,7,3,3; 
screen,16,TimesCentury,r,565,66,607,74,199,8,3,3; 
irrermeoiiiv,8,Times,r,491,94,552,100,28,9,4,4; 
LCHART,18,Helvetica,b,642,43,738,86,131,10,5,5; 
Apbaniuc,10,Times,r,309,310,351,320,32,15,9,9; 
II,6,Times,b,429,559,434,570,23,29,15,17; 
po,10,Times,r,402,587,429,594,33,32,15,18; 
ajr,18,Helvetica,b,432,577,489,595,28,33,15,18; 
achc,10,Times,r,294,686,323,694,30,38,15,21; 
1r,8,Times,r,188,736,199,741,22,41,15,23; 
