Chapter,43,Century,r,46,119,247,168,207,0,0,0; 
and,43,Century,r,254,487,341,527,213,4,1,1; 
7Th,20,HelveticaCentury,r,5,708,56,729,85,6,2,2; 
An,43,Century,r,291,27,354,67,210,8,3,4; 
Concept,43,Century,r,149,181,353,229,212,11,5,6; 
checks,43,Century,r,375,180,543,220,212,12,5,6; 
arid,44,Century,r,566,180,655,219,116,13,5,6; 
quizzes,43,Century,r,679,182,863,229,191,14,5,6; 
Eye,43,Century,r,151,304,236,352,213,15,6,7; 
on,43,Century,r,259,313,316,343,212,16,6,7; 
the,43,Century,r,340,303,419,342,212,17,6,7; 
Earth,43,Century,r,444,303,572,343,213,18,6,7; 
Give,43,Century,r,148,427,258,465,209,21,8,9; 
it,43,Century,r,283,427,311,465,206,22,8,9; 
some,43,Century,r,333,436,466,465,212,23,8,9; 
thought,43,Century,r,488,425,686,475,212,24,8,9; 
questions,43,Century,r,708,427,965,475,199,25,8,9; 
ONLINE,43,Century,r,46,611,240,650,212,29,11,13; 
HOMEWORK,43,Century,r,265,611,575,650,214,30,11,13; 
on,43,Century,r,598,620,654,649,214,31,11,13; 
Blackboard,43,Century,r,681,609,955,650,210,32,11,13; 
