ENDESC,10,TimesCentury,b,54,20,111,32,43,1,0,0; 
one,48,Times,bi,676,44,772,74,212,3,1,2; 
week,48,Times,bi,791,27,929,75,212,4,1,2; 
It,8,Helvetica,r,605,142,615,149,52,9,2,3; 
ress,12,Helvetica,r,525,145,557,155,194,11,2,4; 
exi,12,Helvetica,r,660,145,682,155,42,14,2,4; 
CD0000000000CD,12,Helvetica,r,362,163,498,172,23,15,2,5; 
tue,12,Helvetica,r,512,168,540,180,25,17,2,6; 
presentation,16,Times,r,545,168,649,184,165,18,2,6; 
will,34,Times,b,126,250,194,283,211,19,3,7; 
do,34,Times,b,208,250,251,283,212,20,3,7; 
this,34,Times,b,264,250,328,283,212,21,3,7; 
once,34,Times,b,342,261,425,283,212,22,3,7; 
by,34,Times,b,439,250,481,291,213,23,3,7; 
yourself,34,Times,b,495,250,648,292,210,24,3,7; 
and,34,Times,b,657,250,719,283,212,25,3,7; 
once,34,Times,b,734,261,817,283,213,26,3,7; 
with,34,Times,b,831,250,909,283,213,27,3,7; 
partner,34,Times,b,125,310,262,346,198,29,3,8; 
will,34,Times,b,314,305,383,337,211,31,3,8; 
provide,34,Times,b,397,305,534,346,212,32,3,8; 
scantrons,34,Times,b,549,310,726,337,173,33,3,8; 
Short,42,Times,b,128,376,247,417,212,35,4,9; 
Essay,42,Times,b,263,378,393,428,212,36,4,9; 
Question,42,Times,b,411,376,614,426,210,37,4,9; 
Read,34,Times,b,630,384,721,416,213,38,4,9; 
the,34,Times,b,734,384,787,416,214,39,4,9; 
Daily,34,Times,b,126,441,224,483,212,40,4,10; 
News,34,Times,b,237,443,339,474,213,41,4,10; 
Geology,34,Times,b,353,441,507,483,210,42,4,10; 
report,34,Times,b,521,446,628,483,210,43,4,10; 
at,34,Times,b,641,446,672,474,214,44,4,10; 
Science,34,Times,b,803,384,940,417,208,45,5,11; 
https,34,Times,b,126,496,212,537,183,46,6,12; 
www,34,Times,b,217,496,357,529,161,47,6,12; 
sciencedaily,34,Times,b,363,496,593,537,188,48,6,12; 
cornnewsearthcl,34,Times,b,599,496,939,537,203,49,6,12; 
imagegeology,34,Times,b,127,551,393,592,202,50,6,13; 
Notecard,42,Times,b,124,622,332,662,187,53,8,15; 
you,34,Times,b,378,640,446,671,212,55,8,15; 
may,34,Times,b,459,640,535,671,212,56,8,15; 
have,34,Times,b,549,630,632,662,212,57,8,15; 
LlrI,10,Helvetica,i,150,692,218,704,24,59,8,16; 
3x5,33,HelveticaCentury,bi,647,631,710,662,188,67,9,18; 
card,34,Times,b,727,630,802,662,212,68,10,19; 
with,34,Times,b,816,630,895,662,213,69,10,19; 
Multipi,42,Times,b,126,130,294,182,70,71,11,20; 
Blackboaiu,34,Times,b,126,196,333,228,35,72,12,21; 
Its,48,TimesCentury,r,711,122,744,178,182,75,13,22; 
on,34,Times,b,759,149,802,171,213,76,13,22; 
You,34,Times,b,814,197,890,228,209,77,14,23; 
