Top,10,Helvetica,b,41,9,61,21,224,2,1,1; 
Hat,10,Helvetica,b,66,9,83,18,224,3,1,1; 
GEOL,14,Helvetica,r,184,292,224,304,219,4,2,2; 
Join,36,HelveticaCentury,b,185,322,270,357,218,6,2,3; 
Code,36,HelveticaCentury,b,285,322,398,357,217,7,2,3; 
Students,14,Helvetica,r,184,440,250,453,228,9,2,5; 
can,14,Helvetica,r,255,444,280,453,224,10,2,5; 
go,14,Helvetica,r,286,444,303,457,224,11,2,5; 
to,14,Helvetica,r,308,442,322,453,224,12,2,5; 
TopHatcom,18,Helvetica,b,327,438,447,458,27,13,2,5; 
or,14,Helvetica,r,453,444,468,453,224,14,2,5; 
use,14,Helvetica,r,473,444,497,453,224,15,2,5; 
our,14,Helvetica,r,184,469,209,478,223,16,2,6; 
mobile,14,Helvetica,r,214,465,265,478,224,17,2,6; 
apps,14,Helvetica,r,270,469,305,482,217,18,2,6; 
and,14,Helvetica,r,310,465,337,478,224,19,2,6; 
enter,14,Helvetica,r,342,467,381,478,224,20,2,6; 
this,14,Helvetica,r,386,465,412,478,223,21,2,6; 
join,14,Helvetica,r,416,466,444,482,223,22,2,6; 
code,14,Helvetica,r,449,465,484,478,226,23,2,6; 
to,14,Helvetica,r,489,467,504,478,225,24,2,6; 
participate,14,Helvetica,r,185,489,264,505,227,25,2,7; 
iil,10,Helvetica,b,858,743,872,753,19,28,4,9; 
1008AM,10,Helvetica,b,939,735,988,744,30,30,5,10; 
httpsapptophatcome969008,12,Helvetica,r,183,41,388,54,25,35,6,12; 
Start1,11,Times,r,720,353,747,362,211,37,7,14; 
Presentation0,11,Times,b,751,352,824,362,219,38,8,15; 
Take,11,Times,r,719,399,746,409,228,39,9,16; 
Attendance,11,Times,r,749,399,815,409,224,40,9,16; 
cancel,11,Times,r,720,446,758,456,188,42,9,17; 
Presentation,11,Times,r,762,446,835,456,226,43,9,17; 
Enable,11,Times,r,676,585,715,595,223,44,9,18; 
full,11,Times,r,719,585,737,595,224,45,9,18; 
screen,11,Times,r,740,588,778,595,228,46,9,18; 
mode,11,Times,r,782,585,815,595,224,47,9,18; 
Always,11,Times,r,675,619,715,632,212,48,9,19; 
show,11,Times,r,719,619,749,629,224,49,9,19; 
this,11,Times,r,752,619,774,629,224,50,9,19; 
screen,11,Times,r,777,622,814,629,226,51,9,19; 
before,10,Helvetica,b,819,619,856,629,225,52,9,19; 
presenting,11,Times,r,676,637,738,650,223,53,9,20; 
Always,11,Times,r,675,665,715,678,225,54,9,21; 
show,11,Times,b,719,665,749,675,224,55,9,21; 
control,11,Times,b,752,665,794,675,224,56,9,21; 
bar,11,Times,b,798,665,817,675,222,57,9,21; 
at,11,Times,b,820,666,831,675,224,58,9,21; 
the,11,Times,b,834,665,853,675,224,59,9,21; 
bottom,11,Times,b,676,683,717,693,201,60,9,22; 
