Annoucement,48,Times,i,8,28,393,75,43,0,0,0; 
Test,48,Times,i,427,28,537,75,212,1,0,0; 
in,48,Times,i,608,31,655,74,213,3,0,0; 
one,48,Times,i,676,44,772,74,213,4,0,0; 
week,48,Times,i,791,27,929,74,213,5,0,0; 
Multiple,42,Times,r,125,131,319,183,212,7,0,1; 
Choice,42,Times,r,336,130,494,171,212,8,0,1; 
practice,34,Times,r,511,138,652,180,211,9,0,1; 
tests,34,Times,r,665,143,744,171,212,10,0,1; 
on,34,Times,r,759,149,802,171,212,11,0,1; 
Blackboard,34,Times,r,126,196,333,228,212,12,0,2; 
under,34,Times,r,347,196,449,228,212,13,0,2; 
ContentPearson,34,Times,r,462,196,787,236,91,14,0,2; 
You,34,Times,r,814,197,891,228,212,15,0,2; 
will,34,Times,r,126,250,193,283,212,16,0,3; 
do,34,Times,r,208,250,251,283,212,17,0,3; 
this,34,Times,r,264,250,328,283,212,18,0,3; 
once,34,Times,r,342,261,425,283,212,19,0,3; 
by,34,Times,r,439,250,481,291,213,20,0,3; 
yourself,34,Times,r,495,250,649,292,212,21,0,3; 
and,34,Times,r,657,250,719,283,214,22,0,3; 
once,34,Times,r,734,261,816,283,214,23,0,3; 
with,34,Times,r,831,250,909,283,214,24,0,3; 
partner,34,Times,r,125,310,262,346,197,26,0,4; 
will,34,Times,r,314,305,383,337,205,28,0,4; 
provide,34,Times,r,397,305,534,346,212,29,0,4; 
scantrons,34,Times,r,549,310,726,337,174,30,0,4; 
Short,42,Times,r,128,376,247,417,213,32,0,5; 
Essay,42,Times,r,263,378,394,428,212,33,0,5; 
Question,42,Times,r,411,376,614,426,213,34,0,5; 
Read,34,Times,r,630,384,721,416,213,35,0,5; 
the,34,Times,r,734,384,787,417,214,36,0,5; 
Science,34,Times,r,803,384,940,416,212,37,0,5; 
Daily,34,Times,r,127,441,223,483,211,38,0,6; 
News,34,Times,r,237,443,339,474,214,39,0,6; 
Geology,34,Times,r,353,441,507,483,213,40,0,6; 
report,34,Times,r,521,446,628,483,212,41,0,6; 
at,34,Times,r,641,446,672,474,212,42,0,6; 
https,34,Times,r,126,496,212,537,189,43,0,7; 
www,34,Times,r,217,496,357,529,88,44,0,7; 
sciencedailycomnewsearthcl,34,Times,r,363,496,939,537,30,45,0,7; 
imagegeology,34,Times,r,127,551,393,592,205,46,0,8; 
Notecard,42,Times,r,124,622,332,662,202,48,0,9; 
you,34,Times,r,378,640,446,671,214,50,0,9; 
may,34,Times,r,459,640,535,671,212,51,0,9; 
have,34,Times,r,550,630,632,662,212,52,0,9; 
3x5,33,HelveticaCentury,i,647,631,710,662,192,53,0,9; 
card,34,Times,r,726,630,802,662,213,54,0,9; 
with,34,Times,r,816,630,895,662,214,55,0,9; 
notes,34,Times,r,126,692,219,720,212,56,0,10; 
but,34,Times,r,234,687,305,728,210,57,0,10; 
not,34,Times,r,317,692,374,720,212,58,0,10; 
essay,34,Times,r,388,688,498,728,209,59,0,10; 
