Annoucement,48,Times,i,8,27,400,75,66,0,0,0; 
one,48,Times,i,676,44,772,74,212,2,0,0; 
week,48,Times,i,791,27,929,75,213,3,0,0; 
Multiple,42,Times,r,126,130,319,182,212,5,0,1; 
Choice,42,Times,r,336,130,494,171,212,6,0,1; 
practice,34,Times,r,511,138,652,180,212,7,0,1; 
tests,34,Times,r,665,143,744,171,212,8,0,1; 
on,34,Times,r,759,149,802,171,212,9,0,1; 
Blackboard,34,Times,r,126,196,333,228,212,10,0,2; 
under,34,Times,r,347,196,449,228,212,11,0,2; 
ContentPearson,34,Times,r,462,196,787,236,158,12,0,2; 
You,34,Times,r,814,197,890,228,213,13,0,2; 
will,34,Times,r,126,250,194,283,212,14,0,3; 
do,34,Times,r,208,250,251,283,213,15,0,3; 
this,34,Times,r,264,250,328,283,212,16,0,3; 
once,34,Times,r,342,261,425,283,214,17,0,3; 
by,34,Times,r,439,250,481,291,213,18,0,3; 
yourself,34,Times,r,495,250,649,292,212,19,0,3; 
and,34,Times,r,657,250,719,283,214,20,0,3; 
once,34,Times,r,734,261,816,283,212,21,0,3; 
with,34,Times,r,831,250,909,283,214,22,0,3; 
partner,34,Times,r,125,310,262,346,199,24,0,4; 
will,34,Times,r,314,305,383,337,212,26,0,4; 
provide,34,Times,r,397,305,534,346,212,27,0,4; 
scantrons,34,Times,r,549,310,726,337,92,28,0,4; 
Short,42,Times,r,128,376,247,417,214,30,0,5; 
Essay,42,Times,r,263,378,393,428,212,31,0,5; 
Question,42,Times,r,411,376,614,426,213,32,0,5; 
Read,34,Times,r,630,384,721,417,213,33,0,5; 
the,34,Times,r,734,384,787,416,212,34,0,5; 
Science,34,Times,r,803,384,940,417,212,35,0,5; 
Daily,34,Times,r,127,441,223,483,211,36,0,6; 
News,34,Times,r,237,443,339,474,214,37,0,6; 
Geology,34,Times,r,353,441,507,483,212,38,0,6; 
report,34,Times,r,521,446,628,483,212,39,0,6; 
at,34,Times,r,641,446,672,474,214,40,0,6; 
https,34,Times,r,126,496,212,537,192,41,0,7; 
www,34,Times,r,217,496,358,528,161,42,0,7; 
sciencedailycomnewsearthcl,34,Times,r,363,496,939,537,85,43,0,7; 
imagegeology,34,Times,r,127,551,393,592,157,44,0,8; 
Notecard,42,Times,r,124,622,332,662,184,46,0,9; 
you,34,Times,r,379,640,446,671,211,48,0,9; 
may,34,Times,r,459,640,535,671,212,49,0,9; 
have,34,Times,r,549,630,632,662,212,50,0,9; 
3x5,33,HelveticaCentury,i,647,631,710,662,192,51,0,9; 
card,34,Times,r,727,630,802,662,213,52,0,9; 
with,34,Times,r,816,630,895,662,213,53,0,9; 
notes,34,Times,r,126,692,219,720,212,54,0,10; 
but,34,Times,r,233,687,305,728,207,55,0,10; 
not,34,Times,r,317,692,374,720,214,56,0,10; 
essay,34,Times,r,388,688,498,728,209,57,0,10; 
