Chapter,43,Times,r,175,111,370,168,212,0,0,0; 
Igneous,43,Times,r,481,113,675,168,212,2,0,0; 
Rocks,43,Times,r,694,111,847,155,212,3,0,0; 
All,43,Times,r,125,241,195,281,160,5,0,1; 
Eye,43,Times,r,212,243,298,293,212,6,0,1; 
on,43,Times,r,316,255,370,282,213,7,0,1; 
Earth,43,Times,r,386,241,508,282,213,8,0,1; 
exercises,43,Times,r,524,241,728,282,212,9,0,1; 
for,43,Times,r,747,241,811,282,213,10,0,1; 
looking,43,Times,r,127,310,297,361,213,11,0,2; 
at,43,Times,r,314,316,353,350,212,12,0,2; 
rocks,43,Times,r,368,310,489,350,211,13,0,2; 
Give,43,Times,r,127,542,233,582,211,20,0,4; 
it,43,Times,r,251,542,280,582,205,21,0,4; 
some,43,Times,r,298,555,413,582,213,22,0,4; 
thought,43,Times,r,430,542,615,594,205,23,0,4; 
or,43,Times,r,678,555,723,582,214,25,0,4; 
and,43,Times,r,782,542,861,582,214,27,0,4; 
and,43,Times,r,127,610,207,650,214,29,0,5; 
