New,46,Times,r,149,70,264,112,212,0,0,0; 
homework,46,Times,r,284,70,566,112,212,1,0,0; 
due,46,Times,r,584,71,677,112,212,2,0,0; 
Friday,46,Times,r,696,70,874,125,206,3,0,0; 
Igneous,34,Times,r,91,197,233,237,156,5,0,1; 
Rock,34,Times,r,247,196,341,228,212,6,0,1; 
Description,34,Times,r,354,196,575,237,205,7,0,1; 
Either,34,Times,r,601,196,711,228,213,8,0,1; 
find,34,Times,r,725,196,795,228,212,9,0,1; 
granite,34,Times,r,92,250,255,292,205,11,0,2; 
countertop,34,Times,r,270,255,471,292,184,12,0,2; 
building,34,Times,r,487,250,637,291,211,13,0,2; 
stone,34,Times,r,651,255,743,283,212,14,0,2; 
or,34,Times,r,758,261,794,283,213,15,0,2; 
go,34,Times,r,806,261,849,292,214,16,0,2; 
to,34,Times,r,862,255,896,283,213,17,0,2; 
GLC,34,Times,r,92,305,179,337,200,18,0,3; 
and,34,Times,r,194,305,257,337,213,19,0,3; 
ask,34,Times,r,272,305,329,337,213,20,0,3; 
TAs,34,Times,r,343,306,419,337,194,21,0,3; 
for,34,Times,r,433,305,484,337,212,22,0,3; 
sample,34,Times,r,530,305,655,346,212,24,0,3; 
of,34,Times,r,669,305,711,337,214,25,0,3; 
an,34,Times,r,719,316,759,337,214,26,0,3; 
igneous,34,Times,r,774,305,911,346,212,27,0,3; 
rock,34,Times,r,91,360,179,392,199,28,0,4; 
Describe,34,Times,r,207,360,366,392,213,29,0,4; 
it,34,Times,r,381,360,403,392,214,30,0,4; 
and,34,Times,r,416,360,480,392,214,31,0,4; 
give,34,Times,r,493,360,569,401,212,32,0,4; 
it,34,Times,r,584,360,606,392,213,33,0,4; 
name,34,Times,r,651,370,747,392,213,35,0,4; 
Be,29,Times,r,136,424,178,450,213,37,0,5; 
sure,29,Times,r,191,432,254,450,211,38,0,5; 
to,29,Times,r,266,428,295,450,212,39,0,5; 
login,29,Times,r,308,423,401,458,205,40,0,5; 
and,29,Times,r,413,423,468,450,212,41,0,5; 
write,29,Times,r,480,423,559,450,212,42,0,5; 
the,29,Times,r,571,423,618,450,213,43,0,5; 
description,29,Times,r,631,423,805,459,210,44,0,5; 
in,29,Times,r,818,423,846,450,214,45,0,5; 
your,29,Times,r,857,432,930,458,213,46,0,5; 
own,29,Times,r,137,480,203,498,212,47,0,6; 
words,29,Times,r,215,470,310,498,213,48,0,6; 
dont,29,Times,r,322,470,418,506,205,49,0,6; 
copy,29,Times,r,430,480,505,506,213,50,0,6; 
another,29,Times,r,517,471,635,498,213,51,0,6; 
students,29,Times,r,647,471,774,498,212,52,0,6; 
description,29,Times,r,787,470,974,506,209,53,0,6; 
