Rock,53,HelveticaCentury,bi,782,224,952,272,215,0,0,0; 
Lava,10,Helvetica,r,387,31,415,40,223,2,1,2; 
flai,8,Times,r,152,170,176,177,42,6,4,5; 
tn,10,Helvetica,bi,126,188,147,196,45,10,4,7; 
When,8,Times,r,576,204,601,211,222,12,5,8; 
coeb,8,Times,r,610,213,634,220,74,15,5,9; 
ad,8,Helvetica,bi,576,222,592,229,222,16,5,10; 
tech,8,Times,r,616,231,634,239,77,19,5,11; 
ad,10,Helvetica,bi,161,486,179,493,110,21,7,13; 
bUItU,6,Helvetica,r,193,487,220,493,31,22,7,13; 
Wb,6,Helvetica,r,176,496,185,502,44,25,7,14; 
otat,6,Helvetica,r,193,496,217,503,45,26,7,14; 
hal,8,Times,r,221,495,239,502,72,27,7,14; 
ad,8,Helvetica,bi,157,504,173,511,222,28,7,15; 
paa,8,Helvetica,bi,176,505,214,512,62,29,7,15; 
Ifl,8,Helvetica,bi,217,504,249,512,47,30,7,15; 
cne,9,Helvetica,i,161,515,187,520,37,31,7,16; 
en,8,Times,r,198,514,206,520,209,33,7,16; 
tccma,8,Times,r,209,513,244,520,38,34,7,16; 
atent,8,Times,r,174,522,231,531,129,35,7,17; 
thai,8,Times,r,503,524,527,531,49,40,9,21; 
tab,8,Times,r,529,524,548,531,83,41,9,21; 
Sat,8,Times,r,551,524,568,531,74,42,9,21; 
ad,10,Helvetica,bi,559,533,575,540,226,45,9,22; 
pQ,6,Helvetica,r,512,543,556,551,52,46,9,23; 
Rock,10,Helvetica,r,231,650,260,660,217,52,10,26; 
kSaNflt,5,Helvetica,b,301,729,341,736,26,55,12,29; 
bq,5,Helvetica,b,345,731,352,736,45,56,12,29; 
cnrqneted,8,Times,r,355,730,404,737,43,57,12,29; 
in,7,Helvetica,r,328,739,336,745,181,61,12,30; 
tnnn,7,Helvetica,r,340,739,360,745,39,62,12,30; 
tdunrtiy,8,Times,r,364,739,416,747,21,63,12,30; 
