END,11,Helvetica,b,54,21,78,30,210,1,0,0; 
ESC,11,Helvetica,b,82,20,111,32,46,2,0,0; 
IS,6,Helvetica,r,183,487,190,492,141,13,3,6; 
buvrnd,8,Helvetica,r,193,486,220,492,38,14,3,6; 
damp,8,Helvetica,r,224,486,245,494,153,15,3,6; 
th,8,Helvetica,r,176,495,185,501,40,17,3,7; 
cnt,8,Helvetica,r,193,495,217,503,32,18,3,7; 
hami,7,Times,b,221,495,239,502,44,19,3,7; 
mIld,8,Helvetica,r,157,504,173,511,38,20,3,8; 
piramlw,8,Helvetica,r,176,505,214,512,30,21,3,8; 
11r,8,Helvetica,bi,217,504,248,512,25,22,3,8; 
CSJM,6,Helvetica,r,161,515,186,520,42,23,3,9; 
to,8,Helvetica,r,198,513,207,520,169,25,3,9; 
bcom,8,Helvetica,r,209,513,244,520,45,26,3,9; 
