Ntwu,10,Helvetica,i,98,11,130,21,31,3,0,0; 
of,12,Helvetica,b,208,46,222,56,108,12,0,1; 
HOUton,11,Helvetica,b,225,47,276,57,24,13,0,1; 
jlJSJ,11,Times,r,281,46,306,59,30,14,0,1; 
Motor,15,Times,r,872,153,915,167,202,18,2,3; 
1219PM,12,Helvetica,b,1172,989,1218,999,146,22,5,6; 
MLJSCIfl,14,Helvetica,b,178,384,232,397,29,27,7,10; 
Neuromuscutat,15,Times,r,304,719,420,732,36,30,9,12; 
Axon,14,Times,r,533,695,567,708,23,31,10,13; 
Syriaptc,15,Times,r,736,811,801,828,36,32,11,14; 
Type,12,Helvetica,b,87,998,118,1012,197,35,12,16; 
here,12,Helvetica,b,123,999,150,1009,209,36,12,16; 
to,12,Helvetica,b,156,999,168,1009,207,37,12,16; 
search,12,Helvetica,b,174,999,214,1009,197,38,12,16; 
Active,15,Times,r,736,869,783,883,142,40,14,18; 
zoeie,17,Helvetica,r,788,872,825,882,37,41,14,18; 
cleft,12,Helvetica,b,736,924,767,937,117,43,14,20; 
