unhsersrty,11,Helvetica,r,144,47,204,59,33,10,0,1; 
of,13,Helvetica,b,208,46,221,56,205,11,0,1; 
Houton,13,Helvetica,b,225,47,276,57,33,12,0,1; 
JUS,11,Helvetica,r,281,46,306,59,33,13,0,1; 
Moar,15,Times,r,872,153,916,167,42,19,2,3; 
nmjrvn,15,Times,r,921,156,975,167,33,20,2,3; 
if,14,Helvetica,i,930,328,947,343,143,21,3,4; 
IN,56,Times,r,882,383,968,450,109,22,4,5; 
Myehn,15,Times,r,984,452,1033,469,38,23,5,6; 
Synaptic,14,Helvetica,i,736,811,801,828,52,24,6,7; 
vesklus,15,Helvetica,r,736,834,797,847,25,25,6,8; 
zone,15,Helvetica,r,788,872,825,882,199,27,6,9; 
Synaptic,15,Times,r,736,903,802,919,67,28,6,10; 
cleft,15,Times,r,736,925,767,937,115,29,6,11; 
Musce,15,Helvetica,b,178,384,232,397,31,32,8,13; 
Neuromusciiai,15,Helvetica,r,304,719,420,732,31,33,9,14; 
Type,15,Helvetica,b,87,998,118,1012,197,40,14,20; 
here,13,Helvetica,b,123,999,150,1009,197,41,14,20; 
to,13,Helvetica,b,156,999,168,1009,208,42,14,20; 
search,13,Helvetica,b,174,999,214,1009,197,43,14,20; 
Ej,19,Helvetica,r,504,991,575,1014,23,46,16,22; 
