of,11,Helvetica,r,208,46,222,56,186,7,3,3; 
HOUton,11,Helvetica,r,225,47,276,57,26,8,3,3; 
jlJSJ,11,Helvetica,r,281,46,306,59,30,9,3,3; 
co,13,Helvetica,b,807,47,831,57,31,15,3,3; 
OB10L431,10,Helvetica,b,908,45,984,59,24,17,3,3; 
5I,9,Helvetica,b,986,46,1004,58,33,18,3,3; 
3NWROO9,11,Times,r,1031,46,1115,58,36,20,3,3; 
Acttve,21,HelveticaCentury,r,1051,784,1118,803,45,22,5,5; 
tone,21,Times,b,1127,788,1178,802,167,23,5,5; 
Synapbc,21,Times,r,1051,832,1145,855,38,25,6,7; 
cleft,21,Times,r,1051,864,1095,882,159,26,7,8; 
Receptors,21,Times,b,1052,922,1164,945,181,27,8,9; 
Axon,21,Times,b,762,536,816,554,185,38,15,19; 
IL,29,HelveticaCentury,r,334,823,442,870,26,40,17,21; 
Synaptic,21,Times,b,1052,703,1145,726,139,41,18,22; 
vesictos,20,HelveticaCentury,b,1051,732,1138,752,34,42,19,23; 
Type,13,Helvetica,b,87,998,118,1012,206,47,23,27; 
here,13,Helvetica,b,123,999,150,1009,209,48,23,27; 
to,13,Helvetica,b,156,999,168,1009,210,49,23,27; 
search,13,Helvetica,b,174,999,214,1009,201,50,23,27; 
