of,12,Helvetica,b,208,46,222,56,190,10,3,3; 
HOUton,11,Times,r,225,47,276,57,26,11,3,3; 
jlJSJ,11,Times,r,281,46,306,59,30,12,3,3; 
co,13,Helvetica,b,811,47,831,57,35,18,3,3; 
OB10L431,10,Helvetica,b,908,45,984,59,24,20,3,3; 
3NWROO9,11,Times,r,1031,46,1115,58,31,23,3,3; 
vosicles,21,Times,r,510,733,597,751,37,24,4,4; 
Acttvo,21,Times,r,511,783,576,802,45,26,6,6; 
one,21,Times,r,585,787,637,801,30,27,6,6; 
Synaptic,21,Times,b,511,831,604,855,91,28,7,7; 
deft,21,HelveticaCentury,b,510,863,556,882,192,29,8,8; 
Rceptor3,21,Times,r,511,921,623,943,35,30,9,9; 
Myehn,21,Times,r,864,189,934,212,41,34,13,13; 
Axon,20,Times,b,220,535,276,553,175,43,20,22; 
Synaptic,20,Times,b,511,701,604,725,68,48,24,27; 
PM,12,Helvetica,b,1201,989,1218,998,211,54,29,32; 
Type,12,Helvetica,b,87,998,118,1012,211,57,30,34; 
here,12,Helvetica,b,123,999,150,1009,210,58,30,34; 
to,12,Helvetica,b,156,999,168,1009,211,59,30,34; 
search,12,Helvetica,b,174,999,214,1009,199,60,30,34; 
ii,21,Times,r,552,991,575,1014,31,63,31,35; 
