Lhmsersrty,11,Times,r,144,47,204,59,41,7,3,3; 
of,12,Helvetica,b,208,46,221,56,121,8,3,3; 
Houtcin,11,Helvetica,b,225,47,276,57,36,9,3,3; 
IUSJ,12,Times,r,281,46,306,59,30,10,3,3; 
OBIOLA3I,10,Helvetica,b,908,45,984,59,28,15,3,3; 
5L1,9,Helvetica,b,986,46,1004,58,26,16,3,3; 
Mogcr,15,Times,r,872,153,916,167,33,19,4,4; 
neunn,15,Times,r,921,157,975,167,44,20,4,4; 
4pr,11,Helvetica,r,1085,232,1130,257,36,21,5,5; 
Type,13,Helvetica,b,87,998,118,1012,207,23,6,6; 
here,13,Helvetica,b,123,999,150,1009,209,24,6,6; 
to,13,Helvetica,b,156,999,168,1009,208,25,6,6; 
search,13,Helvetica,b,174,999,214,1009,199,26,6,6; 
Synaptic,15,Times,r,736,903,802,919,67,27,7,7; 
Myeln,15,Times,r,984,452,1033,469,24,28,8,8; 
Neuromusciiai,15,Helvetica,r,304,719,420,732,31,30,10,10; 
ve5k1us,15,Times,r,736,834,797,847,25,35,13,15; 
ione,15,Helvetica,r,788,872,825,882,35,37,14,16; 
cleft,15,Times,r,736,925,767,937,115,38,15,17; 
1219PM,11,Helvetica,b,1172,989,1218,999,146,49,19,22; 
