Soe,11,Helvetica,b,283,11,307,21,28,3,0,0; 
of,11,Helvetica,b,208,46,221,56,131,11,0,1; 
Houtcn,9,Helvetica,b,225,47,276,57,33,12,0,1; 
1O1,12,Helvetica,b,873,46,905,58,28,19,0,1; 
1j10L43,11,Times,r,920,46,977,59,22,20,0,1; 
Motor,15,Times,r,872,153,916,167,175,27,1,2; 
nmjrvn,15,Times,r,921,156,975,167,32,28,1,2; 
IN,55,Times,r,882,383,968,450,109,29,2,3; 
Myehn,15,Times,r,984,452,1033,469,38,30,3,4; 
Musce,13,Helvetica,b,178,384,232,397,31,31,4,5; 
Neuromusciiai,12,Helvetica,r,304,719,420,732,31,32,5,6; 
Type,13,Helvetica,b,87,998,118,1012,207,38,9,11; 
here,13,Helvetica,b,123,999,150,1009,210,39,9,11; 
to,13,Helvetica,b,156,999,168,1009,212,40,9,11; 
search,13,Helvetica,b,174,999,214,1009,201,41,9,11; 
El,18,Helvetica,b,504,994,525,1011,169,43,9,11; 
Synaptic,15,Times,r,736,811,801,828,69,46,10,12; 
ve5k1us,15,Times,r,736,834,797,847,25,47,10,13; 
zone,15,Times,r,788,872,825,882,201,49,10,14; 
Synaptic,15,Times,r,736,903,802,919,67,50,10,15; 
cleft,14,Helvetica,b,736,925,767,937,122,51,10,16; 
