Ntwu,10,Helvetica,i,98,11,130,21,31,3,0,0; 
of,12,Helvetica,b,208,46,222,56,108,12,0,1; 
HoUtan,9,Helvetica,b,225,47,276,56,37,13,0,1; 
IUS,11,Times,r,281,46,306,59,32,14,0,1; 
Mokr,15,Times,r,872,153,916,167,47,19,3,4; 
nmjrvn,15,Times,r,921,156,975,167,32,20,3,4; 
4pr,12,Helvetica,r,1085,232,1130,257,36,21,4,5; 
Type,12,Helvetica,b,87,998,118,1012,206,23,5,6; 
here,12,Helvetica,b,123,999,150,1009,209,24,5,6; 
to,12,Helvetica,b,156,999,168,1009,208,25,5,6; 
search,12,Helvetica,b,174,999,214,1009,197,26,5,6; 
ione,15,Times,r,788,872,825,882,35,28,6,7; 
Synaptic,15,Times,r,736,903,802,919,67,29,6,8; 
cleft,12,Helvetica,b,736,925,767,937,115,30,6,9; 
Myeln,15,Times,r,984,452,1033,469,24,32,7,10; 
Neuromusciiai,15,Times,r,304,719,420,732,31,33,8,11; 
Synaptic,15,Helvetica,r,736,811,801,828,143,37,11,15; 
ve5k1us,15,Helvetica,r,736,834,797,847,25,38,11,16; 
1219PM,12,Helvetica,b,1172,989,1218,999,146,44,14,20; 
